25.5  35.75  21
7
INDV Emily 30 5 10
INDV Karla 27 10 25.6
INDV Martin 45 5 33.75
TEAM OATS 5
Maria 22 5 15.62
Caleb 41 10 20.5
Michael 30 42 18.75
Lily 33 10 31.15
Charlotte 29 5 25.8
INDV Lucas 23 42 100
INDV Hayley 34 42 27.43
TEAM RAINBOW 3
Lawrence 56 5 33.75
David 55 5 30.15
Josie 60 5 13.79
7
George 50 10 90.3
Evelyn 47 5 15.4
Linus 55 10 22.8
Charlie 40 42 150.75
Lucy 24 10 14.89
Leah 42 5 23.45
Thomas 29 5 10.6
1 40
2 75
3 35
4 30
5 80
6 200
7 82
8 32
9 230
10 213
11 37
12 25
13 33
14 78
15 31
16 82
17 235
18 77
19 36
20 29
18 34 215
35 39 220
40 44 225
45 49 235
50 54 240
55 59 250
60 64 265
65 69 280
70 74 295
75 79 310